BytesIn: 7.9373683e+07
BytesOut: 3.551837e+06
TotalCompressCycles: 205
TotalPayloads: 34